# No-sync counter circuit test with 6 bits.

pixels_per_node    = 10
speedup_factor     = 1
debug              = False
rng_seed           = 4
max_duration       = 10000000
frame_capture_rate = 10000
node_display       = Color

!START_TRANSITION_RULES
!INCLUDE Fig12_full_adder_transition_rules.txt
!END_TRANSITION_RULES

!START_COLORMAP
!INCLUDE Fig12_full_adder_colormap.txt
!END_COLORMAP

!START_INIT_STATE
0 0 0 0 0 0 0 0 0 0 0 0 0 0 0 0 0 0 0 0 0 0 0 0 0 0 0 0 0 0 0 0 0 0 0 0 0 0 0 0 0 0 0 0 0 0 0 0 0 0 0 0 0 0 0 0 0 0 0
0 0 0 A A A A A A A A A A A A A A A A A A A A A A A A A A A A A A A A A A A A A A A A A A A A A A A A A 0 0 0 0 0 0 0
0 0 0 A 0 0 0 0 0 0 0 0 0 0 0 0 0 0 0 0 0 0 0 0 0 0 0 0 0 0 0 0 0 0 0 0 0 0 0 0 0 0 0 0 0 0 0 0 0 0 0 A 0 0 0 0 0 0 0
0 0 0 A 0 0 0 0 0 0 0 0 0 0 0 0 0 0 0 0 0 0 0 0 0 0 0 0 0 0 0 0 0 0 0 0 0 0 0 0 0 C C C C C C C C C C E C C 0 0 0 0 0
0 0 0 A 0 0 0 0 0 0 0 0 0 0 0 0 0 0 0 0 0 0 0 0 0 0 0 0 0 0 0 0 0 0 0 0 0 0 0 0 0 C 0 0 0 0 0 0 0 0 0 A 0 C 0 0 0 0 0
0 0 0 A 0 0 0 0 0 0 0 0 0 0 0 0 0 0 0 0 0 0 0 0 0 0 0 0 0 0 0 0 0 0 0 0 0 A A A A E A C C 0 0 0 0 0 0 A 0 C 0 0 0 0 0
0 0 0 A 0 0 0 0 0 0 0 0 0 0 0 0 0 0 0 0 0 0 0 0 0 0 0 0 0 0 0 0 0 0 0 0 0 A 0 0 0 C 0 0 C 0 0 0 0 0 0 A 0 C 0 0 0 0 0
0 0 0 A 0 0 0 0 0 0 0 0 0 0 0 0 0 0 0 0 0 0 0 0 0 0 0 0 0 0 0 0 0 0 0 C C E C C 0 C 0 0 C 0 0 0 0 0 0 A 0 C 0 0 0 0 0
0 0 0 A 0 0 0 0 0 0 0 0 0 0 0 0 0 0 0 0 0 0 0 0 0 0 0 0 0 0 0 0 0 0 0 C 0 A 0 C 0 C 0 0 C 0 0 0 0 0 0 A 0 C 0 0 0 0 0
0 0 0 A 0 0 0 0 0 0 0 0 0 0 0 0 0 0 0 0 0 0 0 0 0 0 0 0 0 0 0 0 0 0 0 C 0 A 0 E A A A A E E C C C C 0 A 0 C 0 0 0 0 0
0 0 0 A 0 0 0 0 0 0 0 0 0 0 0 0 0 0 0 0 0 0 0 0 0 0 0 0 0 0 0 0 0 0 0 C 0 A C E 0 0 0 0 0 A 0 0 0 C 0 A 0 C 0 0 0 0 0
0 0 0 A 0 0 0 0 0 0 0 0 0 0 0 0 0 0 0 0 0 0 0 0 0 0 0 0 0 0 0 0 0 0 0 A 0 A 0 A 0 0 0 0 0 A 0 0 0 C 0 A 0 C 0 0 0 0 0
0 0 0 A 0 0 0 0 0 C 0 0 C C C C C C C C C C C C C C C C C C C C C C C E C E C A 0 0 0 0 0 A A A A E A A 0 C 0 0 0 0 0
0 0 0 A 0 0 0 0 0 D 0 0 C 0 0 0 0 0 0 0 0 0 0 0 0 0 0 0 0 0 0 0 0 0 0 A 0 A 0 A 0 0 0 0 0 A 0 0 0 C 0 0 0 C 0 0 0 0 0
0 0 0 A 0 0 0 0 0 C 0 0 C 0 0 0 0 0 0 0 0 0 0 0 0 0 0 0 0 0 A A A A A A C E C E 0 0 0 0 0 A 0 0 0 C 0 0 0 C 0 0 0 0 0
0 0 0 A 0 0 0 0 0 C 0 0 C 0 0 0 0 0 0 0 0 0 0 0 0 0 0 0 0 0 0 0 C 0 C 0 0 A 0 E A A A A E E C C 0 C 0 0 0 C 0 0 0 0 0
0 0 0 A A A A A A E A A E A A A 0 0 0 0 0 0 0 0 0 0 0 0 0 0 0 0 C 0 C 0 0 A 0 C 0 A 0 0 C 0 0 C 0 C 0 0 0 C 0 0 0 0 0
0 0 0 A 0 0 0 C 0 C 0 0 C 0 0 A 0 0 0 0 0 0 0 0 0 0 0 0 0 0 0 0 C 0 C 0 0 A A A 0 A 0 0 C 0 0 C 0 C 0 0 0 C 0 0 0 0 0
0 0 0 A 0 0 0 C 0 C 0 0 C 0 0 A 0 0 0 0 0 0 0 0 0 0 0 0 0 0 0 0 C 0 C 0 0 0 0 A 0 A 0 0 A 0 0 C 0 C 0 0 0 C 0 0 0 0 0
0 0 0 A 0 0 0 E A A A A E E C E C C C C C C 0 0 0 0 0 0 0 0 0 0 C 0 C C C C C E C E C C E C C C 0 C 0 0 0 C 0 0 0 0 0
0 0 0 A 0 C C E 0 0 0 0 0 A 0 A 0 0 0 0 0 C 0 0 0 0 0 0 0 0 0 0 C 0 0 0 0 0 0 A 0 A 0 0 A 0 0 0 0 C 0 0 0 C 0 0 0 0 0
0 0 0 A 0 A 0 A 0 0 0 0 0 A 0 A 0 0 0 0 0 C 0 0 0 0 0 0 0 0 0 0 C C C C C C C E C E C C E C C C C C 0 0 0 C 0 0 0 0 0
C C C E C E C A 0 0 0 0 0 A C E C C D C 0 C 0 0 0 0 0 0 0 0 0 0 0 0 0 0 0 0 0 A 0 A 0 0 A 0 0 0 0 0 0 0 0 C 0 0 0 0 0
0 0 0 A 0 A 0 A 0 0 0 0 0 A 0 A 0 0 0 0 0 C 0 0 0 0 0 0 0 0 0 0 0 0 0 0 0 0 0 A 0 A 0 0 A 0 0 0 0 0 C C C C 0 0 0 0 0
0 0 0 C C E C E 0 0 0 0 0 A 0 C 0 0 0 0 0 C 0 0 0 0 0 0 0 0 0 0 0 0 0 0 0 0 0 A 0 A 0 0 A 0 0 C 0 0 C 0 0 0 0 0 0 0 0
0 0 0 0 0 A 0 E A A A A E E C C 0 0 0 0 0 C 0 0 0 0 0 0 0 0 0 0 0 0 0 0 0 0 0 0 0 A 0 0 0 0 0 D 0 0 C 0 0 0 0 0 0 0 0
0 0 0 0 0 A 0 C 0 C 0 0 C 0 0 0 0 0 0 0 0 C 0 0 0 0 0 0 0 0 0 0 0 0 0 0 0 0 0 0 0 A 0 0 0 0 0 C 0 0 C 0 0 0 0 0 0 0 0
0 0 0 0 0 A A E A E A A C 0 0 0 0 0 0 0 0 C 0 0 0 0 0 0 0 0 0 0 0 0 0 0 0 0 0 0 0 A A A A A A E A A E A A A 0 0 0 0 0
0 0 0 0 0 A 0 C 0 C 0 0 0 0 0 0 0 0 0 0 0 C 0 0 0 0 0 0 0 0 0 0 0 0 0 0 0 0 0 0 0 A 0 0 0 C 0 C 0 0 C 0 0 A 0 0 0 0 0
0 0 0 0 0 A 0 C 0 C 0 0 0 0 0 0 0 0 0 0 0 C 0 0 0 0 0 0 0 0 0 0 0 0 0 0 0 0 0 0 0 A 0 0 0 C 0 C 0 0 C 0 0 A 0 0 0 0 0
0 0 0 0 0 A 0 C 0 C 0 0 0 0 0 0 0 0 0 0 0 C 0 0 0 0 0 0 0 0 0 0 0 0 0 0 0 0 0 0 0 A 0 0 0 E A A A A E E C E C C 0 0 0
0 0 0 0 0 A 0 C 0 0 0 0 0 0 0 0 0 0 0 0 0 C 0 0 0 0 0 0 0 0 0 0 0 0 0 0 0 0 0 0 0 A 0 C C E 0 0 0 0 0 A 0 A 0 C 0 0 0
0 0 0 0 0 A 0 C 0 0 0 0 0 0 0 0 0 0 0 0 0 C 0 0 0 0 0 0 0 0 0 0 0 0 0 0 0 0 0 0 0 A 0 A 0 A 0 0 0 0 0 A 0 C 0 C 0 0 0
0 0 0 0 0 A 0 C C C C C C C C C C C C C C C C C C C C C C C C C C C C C C C C C C E C E C A 0 0 0 0 0 A A E A E A A 0
0 0 0 0 0 A 0 0 0 0 0 0 0 0 0 0 0 0 0 0 0 0 0 0 0 0 0 0 0 0 0 0 0 0 0 0 0 0 0 0 0 A 0 A 0 A 0 0 0 0 0 A 0 C 0 C 0 A 0
0 0 0 0 0 A 0 0 0 0 0 0 0 0 0 0 0 0 0 0 0 0 0 0 0 0 0 0 0 0 0 0 0 0 0 0 0 0 0 0 0 C C E C E 0 0 0 0 0 A 0 C 0 C 0 A 0
0 0 0 0 0 A 0 0 0 0 0 0 0 0 0 0 0 0 0 0 0 0 0 0 0 0 0 0 0 0 0 0 0 0 0 0 0 0 0 0 0 0 0 A 0 E A A A A E E C C 0 C 0 A 0
0 0 0 0 0 A 0 0 0 0 0 0 0 0 0 0 0 0 0 0 0 0 0 0 0 0 0 0 0 0 0 0 0 0 0 0 0 0 0 0 0 0 0 A 0 C 0 C 0 0 C 0 0 0 0 C 0 A 0
0 0 0 0 0 A 0 0 0 0 0 0 0 0 0 0 0 0 0 0 0 0 0 0 0 0 0 0 0 0 0 0 0 0 0 0 0 0 0 0 0 0 0 A A E A E A A C 0 0 0 0 C 0 A 0
0 0 0 0 0 A 0 0 0 0 0 0 0 0 0 0 0 0 0 0 0 0 0 0 0 0 0 0 0 0 0 0 0 0 0 0 0 0 0 0 0 0 0 A 0 C 0 C 0 0 0 0 0 0 0 A 0 A 0
0 0 0 0 0 A 0 0 0 0 0 0 0 0 0 0 0 0 0 0 0 0 0 0 0 0 0 0 0 0 0 0 0 0 0 0 0 0 0 0 0 0 0 A 0 A A E A A A A A A A A 0 A 0
0 0 0 0 0 A 0 0 0 0 0 0 0 0 0 0 0 0 0 0 0 0 0 0 0 0 0 0 0 0 0 0 0 0 0 0 0 0 0 0 0 0 0 A 0 0 0 C 0 0 0 0 0 0 0 A 0 A 0
0 0 0 0 0 A 0 0 0 0 0 0 0 0 0 0 0 0 0 0 0 0 0 0 0 0 0 0 0 0 0 0 0 0 0 0 0 0 0 0 0 0 0 A 0 0 0 C 0 0 0 0 0 0 0 A 0 A 0
0 0 0 0 0 A 0 0 0 0 0 0 0 0 0 0 0 0 0 0 0 0 0 0 0 0 0 0 0 0 0 0 0 0 0 0 0 0 0 0 0 0 0 0 0 0 0 C 0 0 0 0 0 0 0 A 0 A 0
0 0 0 0 0 A 0 0 0 0 0 0 0 0 0 0 0 0 0 0 0 0 0 0 0 0 0 0 0 0 0 0 0 0 0 0 0 0 0 0 0 0 0 0 0 0 0 0 0 0 0 0 0 0 0 0 0 A 0
0 0 0 0 0 A A A A A A A A A A A A A A A A A A A A A A A A A A A A A A A A A A A A A A A A A A A A A A A A A A A A A 0
0 0 0 0 0 0 0 0 0 0 0 0 0 0 0 0 0 0 0 0 0 0 0 0 0 0 0 0 0 0 0 0 0 0 0 0 0 0 0 0 0 0 0 0 0 0 0 0 0 0 0 0 0 0 0 0 0 0 0
0 0 0 0 0 0 0 0 0 0 0 0 0 0 0 0 0 0 0 0 0 0 0 0 0 0 0 0 0 0 0 0 0 0 0 0 0 0 0 0 0 0 0 0 0 0 0 0 0 0 0 0 0 0 0 0 0 0 0
!END_INIT_STATE
